FF
======================================================================
FAIL: test_rail_cannot_use_signal_neckdown_even_without_grow (scripts.pcbgen.test_grid_router.NeckDownTests.test_rail_cannot_use_signal_neckdown_even_without_grow)
----------------------------------------------------------------------
Traceback (most recent call last):
  File "/workspace/zudo-osc-hole-field/scripts/pcbgen/test_grid_router.py", line 218, in test_rail_cannot_use_signal_neckdown_even_without_grow
    self.assertIsNone(results[0]['path'])
AssertionError: [['B.Cu', 9700000, 4000000, 1, 0], ['B.Cu', 9650000, 4000000, 0, 0], ['B.Cu', 9600000, 4000000, 0, 0], ['B.Cu', 9550000, 4000000, 0, 0], ['B.Cu', 9500000, 4000000, 0, 0], ['B.Cu', 9450000, 4000000, 0, 0], ['B.Cu', 9400000, 4000000, 0, 0], ['B.Cu', 9350000, 4000000, 0, 0], ['B.Cu', 9300000, 4000000, 0, 0], ['B.Cu', 9250000, 4000000, 0, 0], ['B.Cu', 9200000, 4000000, 0, 0], ['B.Cu', 9150000, 4000000, 0, 0], ['B.Cu', 9100000, 4000000, 0, 0], ['B.Cu', 9050000, 4000000, 0, 0], ['B.Cu', 9000000, 4000000, 0, 0], ['B.Cu', 8950000, 4000000, 0, 0], ['B.Cu', 8900000, 4000000, 0, 0], ['B.Cu', 8850000, 4000000, 0, 0], ['B.Cu', 8800000, 4000000, 0, 0], ['B.Cu', 8750000, 4000000, 0, 0], ['B.Cu', 8700000, 4000000, 0, 0], ['B.Cu', 8650000, 4000000, 0, 0], ['B.Cu', 8600000, 4000000, 0, 0], ['B.Cu', 8550000, 4000000, 0, 0], ['B.Cu', 8500000, 4000000, 0, 0], ['B.Cu', 8450000, 4000000, 0, 0], ['B.Cu', 8400000, 4000000, 0, 0], ['B.Cu', 8350000, 4000000, 0, 0], ['B.Cu', 8300000, 4000000, 0, 0], ['B.Cu', 8250000, 4000000, 0, 0], ['B.Cu', 8200000, 4000000, 0, 0], ['B.Cu', 8150000, 4000000, 0, 0], ['B.Cu', 8100000, 4000000, 0, 0], ['B.Cu', 8050000, 4000000, 0, 0], ['B.Cu', 8000000, 4000000, 0, 0], ['B.Cu', 7950000, 4000000, 0, 1], ['B.Cu', 7900000, 4000000, 0, 1], ['B.Cu', 7850000, 4000000, 0, 1], ['B.Cu', 7800000, 4000000, 0, 1], ['B.Cu', 7750000, 4000000, 0, 1], ['B.Cu', 7700000, 4000000, 0, 1], ['B.Cu', 7650000, 4000000, 0, 1], ['B.Cu', 7600000, 4000000, 0, 1], ['B.Cu', 7550000, 4000000, 0, 1], ['B.Cu', 7500000, 4000000, 0, 1], ['B.Cu', 7450000, 4000000, 0, 1], ['B.Cu', 7400000, 4000000, 0, 1], ['B.Cu', 7350000, 4000000, 0, 1], ['B.Cu', 7300000, 4000000, 0, 1], ['B.Cu', 7250000, 4000000, 0, 1], ['B.Cu', 7200000, 4000000, 0, 1], ['B.Cu', 7150000, 4000000, 0, 1], ['B.Cu', 7100000, 4000000, 0, 1], ['B.Cu', 7050000, 4000000, 0, 1], ['B.Cu', 7000000, 4000000, 0, 1], ['B.Cu', 6950000, 4000000, 0, 1], ['B.Cu', 6900000, 4000000, 0, 1], ['B.Cu', 6850000, 4000000, 0, 1], ['B.Cu', 6800000, 4000000, 0, 1], ['B.Cu', 6750000, 4000000, 0, 1], ['B.Cu', 6700000, 4000000, 0, 1], ['B.Cu', 6650000, 4000000, 0, 1], ['B.Cu', 6600000, 4000000, 0, 1], ['B.Cu', 6550000, 4000000, 0, 1], ['B.Cu', 6500000, 4000000, 0, 1], ['B.Cu', 6450000, 4000000, 0, 1], ['B.Cu', 6400000, 4000000, 0, 1], ['B.Cu', 6350000, 4000000, 0, 1], ['B.Cu', 6300000, 4000000, 0, 1], ['B.Cu', 6250000, 4000000, 0, 1], ['B.Cu', 6200000, 4000000, 0, 1], ['B.Cu', 6150000, 4000000, 0, 1], ['B.Cu', 6100000, 4000000, 0, 1], ['B.Cu', 6050000, 4000000, 0, 1], ['B.Cu', 6000000, 4000000, 0, 1], ['B.Cu', 5950000, 4000000, 0, 1], ['B.Cu', 5900000, 4000000, 0, 1], ['B.Cu', 5850000, 4000000, 0, 1], ['B.Cu', 5800000, 4000000, 0, 1], ['B.Cu', 5750000, 4000000, 0, 1], ['B.Cu', 5700000, 4000000, 0, 1], ['B.Cu', 5650000, 4000000, 0, 1], ['B.Cu', 5600000, 4000000, 0, 1], ['B.Cu', 5550000, 4000000, 0, 1], ['B.Cu', 5500000, 4000000, 0, 1], ['B.Cu', 5450000, 4000000, 0, 1], ['B.Cu', 5400000, 4000000, 0, 1], ['B.Cu', 5350000, 4000000, 0, 1], ['B.Cu', 5300000, 4000000, 0, 1], ['B.Cu', 5250000, 4000000, 0, 1], ['B.Cu', 5200000, 4000000, 0, 1], ['B.Cu', 5150000, 4000000, 0, 1], ['B.Cu', 5100000, 4000000, 0, 1], ['B.Cu', 5050000, 4000000, 0, 1], ['B.Cu', 5000000, 4000000, 0, 1], ['B.Cu', 4950000, 4000000, 0, 1], ['B.Cu', 4900000, 4000000, 0, 1], ['B.Cu', 4850000, 4000000, 0, 1], ['B.Cu', 4800000, 4000000, 0, 1], ['B.Cu', 4750000, 4000000, 0, 1], ['B.Cu', 4700000, 4000000, 0, 1], ['B.Cu', 4650000, 4000000, 0, 1], ['B.Cu', 4600000, 4000000, 0, 1], ['B.Cu', 4550000, 4000000, 0, 1], ['B.Cu', 4500000, 4000000, 0, 1], ['B.Cu', 4450000, 4000000, 0, 1], ['B.Cu', 4400000, 4000000, 0, 1], ['B.Cu', 4350000, 4000000, 0, 1], ['B.Cu', 4300000, 4000000, 0, 1], ['B.Cu', 4250000, 4000000, 0, 1], ['B.Cu', 4200000, 4000000, 0, 1], ['B.Cu', 4150000, 4000000, 0, 1], ['B.Cu', 4100000, 4000000, 0, 1], ['B.Cu', 4050000, 4000000, 0, 1], ['B.Cu', 4000000, 4000000, 0, 0], ['B.Cu', 3950000, 4000000, 0, 0], ['B.Cu', 3900000, 4000000, 0, 0], ['B.Cu', 3850000, 4000000, 0, 0], ['B.Cu', 3800000, 4000000, 0, 0], ['B.Cu', 3750000, 4000000, 0, 0], ['B.Cu', 3700000, 4000000, 0, 0], ['B.Cu', 3650000, 4000000, 0, 0], ['B.Cu', 3600000, 4000000, 0, 0], ['B.Cu', 3550000, 4000000, 0, 0], ['B.Cu', 3500000, 4000000, 0, 0], ['B.Cu', 3450000, 4000000, 0, 0], ['B.Cu', 3400000, 4000000, 0, 0], ['B.Cu', 3350000, 4000000, 0, 0], ['B.Cu', 3300000, 4000000, 0, 0], ['B.Cu', 3250000, 4000000, 0, 0], ['B.Cu', 3200000, 4000000, 0, 0], ['B.Cu', 3150000, 4000000, 0, 0], ['B.Cu', 3100000, 4000000, 0, 0], ['B.Cu', 3050000, 4000000, 0, 0], ['B.Cu', 3000000, 4000000, 0, 0], ['B.Cu', 2950000, 4000000, 0, 0], ['B.Cu', 2900000, 4000000, 0, 0], ['B.Cu', 2850000, 4000000, 0, 0], ['B.Cu', 2800000, 4000000, 0, 0], ['B.Cu', 2750000, 4000000, 0, 0], ['B.Cu', 2700000, 4000000, 0, 0], ['B.Cu', 2650000, 4000000, 0, 0], ['B.Cu', 2600000, 4000000, 0, 0], ['B.Cu', 2550000, 4000000, 0, 0], ['B.Cu', 2500000, 4000000, 0, 0], ['B.Cu', 2450000, 4000000, 0, 0], ['B.Cu', 2400000, 4000000, 0, 0], ['B.Cu', 2350000, 4000000, 0, 0], ['B.Cu', 2300000, 4000000, 1, 0]] is not None

======================================================================
FAIL: test_ground_cannot_use_signal_neckdown_when_not_listed_as_rail (scripts.pcbgen.test_grid_router.NeckDownTests.test_ground_cannot_use_signal_neckdown_when_not_listed_as_rail)
----------------------------------------------------------------------
Traceback (most recent call last):
  File "/workspace/zudo-osc-hole-field/scripts/pcbgen/test_grid_router.py", line 226, in test_ground_cannot_use_signal_neckdown_when_not_listed_as_rail
    self.assertIsNone(results[0]['path'])
AssertionError: [['B.Cu', 9700000, 4000000, 1, 0], ['B.Cu', 9650000, 4000000, 0, 0], ['B.Cu', 9600000, 4000000, 0, 0], ['B.Cu', 9550000, 4000000, 0, 0], ['B.Cu', 9500000, 4000000, 0, 0], ['B.Cu', 9450000, 4000000, 0, 0], ['B.Cu', 9400000, 4000000, 0, 0], ['B.Cu', 9350000, 4000000, 0, 0], ['B.Cu', 9300000, 4000000, 0, 0], ['B.Cu', 9250000, 4000000, 0, 0], ['B.Cu', 9200000, 4000000, 0, 0], ['B.Cu', 9150000, 4000000, 0, 0], ['B.Cu', 9100000, 4000000, 0, 0], ['B.Cu', 9050000, 4000000, 0, 0], ['B.Cu', 9000000, 4000000, 0, 0], ['B.Cu', 8950000, 4000000, 0, 0], ['B.Cu', 8900000, 4000000, 0, 0], ['B.Cu', 8850000, 4000000, 0, 0], ['B.Cu', 8800000, 4000000, 0, 0], ['B.Cu', 8750000, 4000000, 0, 0], ['B.Cu', 8700000, 4000000, 0, 0], ['B.Cu', 8650000, 4000000, 0, 0], ['B.Cu', 8600000, 4000000, 0, 0], ['B.Cu', 8550000, 4000000, 0, 0], ['B.Cu', 8500000, 4000000, 0, 0], ['B.Cu', 8450000, 4000000, 0, 0], ['B.Cu', 8400000, 4000000, 0, 0], ['B.Cu', 8350000, 4000000, 0, 0], ['B.Cu', 8300000, 4000000, 0, 0], ['B.Cu', 8250000, 4000000, 0, 0], ['B.Cu', 8200000, 4000000, 0, 0], ['B.Cu', 8150000, 4000000, 0, 0], ['B.Cu', 8100000, 4000000, 0, 0], ['B.Cu', 8050000, 4000000, 0, 0], ['B.Cu', 8000000, 4000000, 0, 0], ['B.Cu', 7950000, 4000000, 0, 1], ['B.Cu', 7900000, 4000000, 0, 1], ['B.Cu', 7850000, 4000000, 0, 1], ['B.Cu', 7800000, 4000000, 0, 1], ['B.Cu', 7750000, 4000000, 0, 1], ['B.Cu', 7700000, 4000000, 0, 1], ['B.Cu', 7650000, 4000000, 0, 1], ['B.Cu', 7600000, 4000000, 0, 1], ['B.Cu', 7550000, 4000000, 0, 1], ['B.Cu', 7500000, 4000000, 0, 1], ['B.Cu', 7450000, 4000000, 0, 1], ['B.Cu', 7400000, 4000000, 0, 1], ['B.Cu', 7350000, 4000000, 0, 1], ['B.Cu', 7300000, 4000000, 0, 1], ['B.Cu', 7250000, 4000000, 0, 1], ['B.Cu', 7200000, 4000000, 0, 1], ['B.Cu', 7150000, 4000000, 0, 1], ['B.Cu', 7100000, 4000000, 0, 1], ['B.Cu', 7050000, 4000000, 0, 1], ['B.Cu', 7000000, 4000000, 0, 1], ['B.Cu', 6950000, 4000000, 0, 1], ['B.Cu', 6900000, 4000000, 0, 1], ['B.Cu', 6850000, 4000000, 0, 1], ['B.Cu', 6800000, 4000000, 0, 1], ['B.Cu', 6750000, 4000000, 0, 1], ['B.Cu', 6700000, 4000000, 0, 1], ['B.Cu', 6650000, 4000000, 0, 1], ['B.Cu', 6600000, 4000000, 0, 1], ['B.Cu', 6550000, 4000000, 0, 1], ['B.Cu', 6500000, 4000000, 0, 1], ['B.Cu', 6450000, 4000000, 0, 1], ['B.Cu', 6400000, 4000000, 0, 1], ['B.Cu', 6350000, 4000000, 0, 1], ['B.Cu', 6300000, 4000000, 0, 1], ['B.Cu', 6250000, 4000000, 0, 1], ['B.Cu', 6200000, 4000000, 0, 1], ['B.Cu', 6150000, 4000000, 0, 1], ['B.Cu', 6100000, 4000000, 0, 1], ['B.Cu', 6050000, 4000000, 0, 1], ['B.Cu', 6000000, 4000000, 0, 1], ['B.Cu', 5950000, 4000000, 0, 1], ['B.Cu', 5900000, 4000000, 0, 1], ['B.Cu', 5850000, 4000000, 0, 1], ['B.Cu', 5800000, 4000000, 0, 1], ['B.Cu', 5750000, 4000000, 0, 1], ['B.Cu', 5700000, 4000000, 0, 1], ['B.Cu', 5650000, 4000000, 0, 1], ['B.Cu', 5600000, 4000000, 0, 1], ['B.Cu', 5550000, 4000000, 0, 1], ['B.Cu', 5500000, 4000000, 0, 1], ['B.Cu', 5450000, 4000000, 0, 1], ['B.Cu', 5400000, 4000000, 0, 1], ['B.Cu', 5350000, 4000000, 0, 1], ['B.Cu', 5300000, 4000000, 0, 1], ['B.Cu', 5250000, 4000000, 0, 1], ['B.Cu', 5200000, 4000000, 0, 1], ['B.Cu', 5150000, 4000000, 0, 1], ['B.Cu', 5100000, 4000000, 0, 1], ['B.Cu', 5050000, 4000000, 0, 1], ['B.Cu', 5000000, 4000000, 0, 1], ['B.Cu', 4950000, 4000000, 0, 1], ['B.Cu', 4900000, 4000000, 0, 1], ['B.Cu', 4850000, 4000000, 0, 1], ['B.Cu', 4800000, 4000000, 0, 1], ['B.Cu', 4750000, 4000000, 0, 1], ['B.Cu', 4700000, 4000000, 0, 1], ['B.Cu', 4650000, 4000000, 0, 1], ['B.Cu', 4600000, 4000000, 0, 1], ['B.Cu', 4550000, 4000000, 0, 1], ['B.Cu', 4500000, 4000000, 0, 1], ['B.Cu', 4450000, 4000000, 0, 1], ['B.Cu', 4400000, 4000000, 0, 1], ['B.Cu', 4350000, 4000000, 0, 1], ['B.Cu', 4300000, 4000000, 0, 1], ['B.Cu', 4250000, 4000000, 0, 1], ['B.Cu', 4200000, 4000000, 0, 1], ['B.Cu', 4150000, 4000000, 0, 1], ['B.Cu', 4100000, 4000000, 0, 1], ['B.Cu', 4050000, 4000000, 0, 1], ['B.Cu', 4000000, 4000000, 0, 0], ['B.Cu', 3950000, 4000000, 0, 0], ['B.Cu', 3900000, 4000000, 0, 0], ['B.Cu', 3850000, 4000000, 0, 0], ['B.Cu', 3800000, 4000000, 0, 0], ['B.Cu', 3750000, 4000000, 0, 0], ['B.Cu', 3700000, 4000000, 0, 0], ['B.Cu', 3650000, 4000000, 0, 0], ['B.Cu', 3600000, 4000000, 0, 0], ['B.Cu', 3550000, 4000000, 0, 0], ['B.Cu', 3500000, 4000000, 0, 0], ['B.Cu', 3450000, 4000000, 0, 0], ['B.Cu', 3400000, 4000000, 0, 0], ['B.Cu', 3350000, 4000000, 0, 0], ['B.Cu', 3300000, 4000000, 0, 0], ['B.Cu', 3250000, 4000000, 0, 0], ['B.Cu', 3200000, 4000000, 0, 0], ['B.Cu', 3150000, 4000000, 0, 0], ['B.Cu', 3100000, 4000000, 0, 0], ['B.Cu', 3050000, 4000000, 0, 0], ['B.Cu', 3000000, 4000000, 0, 0], ['B.Cu', 2950000, 4000000, 0, 0], ['B.Cu', 2900000, 4000000, 0, 0], ['B.Cu', 2850000, 4000000, 0, 0], ['B.Cu', 2800000, 4000000, 0, 0], ['B.Cu', 2750000, 4000000, 0, 0], ['B.Cu', 2700000, 4000000, 0, 0], ['B.Cu', 2650000, 4000000, 0, 0], ['B.Cu', 2600000, 4000000, 0, 0], ['B.Cu', 2550000, 4000000, 0, 0], ['B.Cu', 2500000, 4000000, 0, 0], ['B.Cu', 2450000, 4000000, 0, 0], ['B.Cu', 2400000, 4000000, 0, 0], ['B.Cu', 2350000, 4000000, 0, 0], ['B.Cu', 2300000, 4000000, 1, 0]] is not None

----------------------------------------------------------------------
Ran 2 tests in 0.064s

FAILED (failures=2)
