 time            v(ENV_BUFFER)   v(RISE)         v(HOLD)         v(FALL)         v(EOC)          v(BIP)          v(STAGE_HIGH)   v(RISE_LED)     v(FALL_LED)    
 5.00000000e-08  3.99002494e-15  0.00000000e+00  0.00000000e+00  0.00000000e+00  0.00000000e+00 -5.00000000e+00  0.00000000e+00  0.00000000e+00  0.00000000e+00 
 1.01250012e-02  1.60000000e-12  0.00000000e+00  0.00000000e+00  0.00000000e+00  0.00000000e+00 -5.00000000e+00  0.00000000e+00  0.00000000e+00  0.00000000e+00 
 1.01250013e-02  4.59022500e-08  5.00000000e+00  0.00000000e+00  0.00000000e+00  0.00000000e+00 -4.99999994e+00  5.00000000e+00  2.86889063e-09  0.00000000e+00 
 1.85250006e-02  8.01893965e+00  5.00000000e+00  0.00000000e+00  0.00000000e+00  0.00000000e+00  5.02367456e+00  5.00000000e+00  5.01183728e-01  0.00000000e+00 
 1.85250012e-02  8.01893965e+00  5.00000000e+00  0.00000000e+00  0.00000000e+00  0.00000000e+00  5.02367457e+00  5.00000000e+00  5.01183728e-01  0.00000000e+00 
 1.85250014e-02  8.01893956e+00  0.00000000e+00  0.00000000e+00  5.00000000e+00  0.00000000e+00  5.02367445e+00  0.00000000e+00  0.00000000e+00  5.01183722e-01 
 2.69750012e-02 -1.91610796e-02  0.00000000e+00  0.00000000e+00  5.00000000e+00  0.00000000e+00 -5.02395135e+00  0.00000000e+00  0.00000000e+00  0.00000000e+00 
 2.69750013e-02 -1.91610339e-02  0.00000000e+00  0.00000000e+00  0.00000000e+00  0.00000000e+00 -5.02395129e+00  0.00000000e+00  0.00000000e+00  0.00000000e+00 
 2.69750031e-02 -1.91592778e-02  0.00000000e+00  0.00000000e+00  0.00000000e+00  0.00000000e+00 -5.02394910e+00  0.00000000e+00  0.00000000e+00  0.00000000e+00 
 2.69750038e-02 -1.91586512e-02  0.00000000e+00  0.00000000e+00  0.00000000e+00  5.00000000e+00 -5.02394831e+00  0.00000000e+00  0.00000000e+00  0.00000000e+00 
 3.03142362e-02  1.60000000e-12  0.00000000e+00  0.00000000e+00  0.00000000e+00  5.00000000e+00 -5.00000000e+00  0.00000000e+00  0.00000000e+00  0.00000000e+00 
 3.03192362e-02  1.60000000e-12  0.00000000e+00  0.00000000e+00  0.00000000e+00  0.00000000e+00 -5.00000000e+00  0.00000000e+00  0.00000000e+00  0.00000000e+00 
 1.20000000e-01  1.60000000e-12  0.00000000e+00  0.00000000e+00  0.00000000e+00  0.00000000e+00 -5.00000000e+00  0.00000000e+00  0.00000000e+00  0.00000000e+00 
